"","State","In-state Undergraduate Total","Out-state Undergraduate Total","In-state Graduate Total","Out-state Graduate Total","In-state Undergraduate Tuition Fee","Out-state Undergraduate Tuition Fee","In-state Graduate Tuition Fee","Out-state Graduate Tuition Fee","Undergraduate-room","Graduate-room","Undergraduate-books","Graduate-books"
"1","alaska",21822,33137,27070,39145,7293,18608,12541,24616,13454,13454,1074,1074
"2","alabama",20328,26222,23198,33250,6770,12664,9639,19692,12115,12115,1443,1443
"3","arkansas",19003,21868,21549,27222,4877,7743,7423,13096,12023,12023,2102,2102
"4","american samoa",6550,6850,2600,2600,3950,4250,0,0,0,0,2600,2600
"5","arizona",21161,28374,28452,39308,5180,12393,12471,23327,13820,13820,2161,2161
"6","california",21507,30485,28573,40750,3170,12147,10236,22413,16692,16692,1646,1646
"7","colorado",23168,33430,27593,36460,6773,17035,11198,20065,14556,14556,1839,1839
"8","connecticut",26351,38861,31473,42679,8376,20886,13497,24703,16807,16807,1168,1168
"9","district of columbia",24305,30989,28145,36461,6020,12704,9860,18176,17234,17234,1051,1051
"10","delaware",26063,38506,22412,40243,9161,21604,5510,23341,15179,15179,1723,1723
"11","florida",19300,28933,25574,38559,3865,13497,10138,23124,14132,14132,1304,1304
"12","federated states of micronesia",7363,12113,7363,7363,0,4750,0,0,5763,5763,1600,1600
"13","georgia",20092,26906,22788,35261,4654,11469,7350,19823,13985,13985,1452,1452
"14","guam",12217,16345,13502,20072,4609,8737,5894,12464,6425,6425,1183,1183
"15","hawaii",20928,29319,30411,48567,5016,13406,14499,32655,14745,14745,1167,1167
"16","iowa",19172,22905,23903,39278,6298,10031,11029,26404,11729,11729,1145,1145
"17","idaho",20294,29630,24426,41910,5684,15020,9816,27300,11594,11594,3016,3016
"18","illinois",24241,30175,30484,36673,5726,11660,11969,18158,13613,13613,4902,4902
"19","indiana",22480,35239,22844,33503,8193,20951,8557,19216,13127,13127,1161,1161
"20","kansas",19344,22682,23130,33865,4775,8114,8561,19296,12551,12551,2018,2018
"21","kentucky",19668,30341,24454,31901,6136,16809,10922,18369,12324,12324,1208,1208
"22","louisiana",22327,28410,24881,30920,6517,12600,9071,15110,14024,14024,1786,1786
"23","massachusetts",26818,35021,34368,36829,8579,16782,16129,18590,17045,17045,1194,1194
"24","maryland",24721,31851,29324,36378,6581,13710,11183,18237,14441,14441,3700,3700
"25","maine",20805,27730,22864,32805,6866,13790,8925,18866,12859,12859,1080,1080
"26","marshall islands",9415,10020,5120,5120,4295,4900,0,0,0,0,5120,5120
"27","michigan",22076,26778,31841,42863,6399,11101,16163,27186,12190,12190,3488,3488
"28","minnesota",21064,21616,25615,27705,8231,8783,12783,14872,11759,11759,1074,1074
"29","missouri",20281,24944,23188,30347,5577,10240,8484,15643,12825,12825,1879,1879
"30","northern marianas",5638,7120,1600,1600,4038,5520,0,0,0,0,1600,1600
"31","mississippi",15571,18949,19857,23961,4592,7971,8878,12982,9734,9734,1245,1245
"32","montana",20393,26240,21815,35477,5282,11128,6703,20365,12389,12389,2722,2722
"33","north carolina",18239,25724,23022,36486,3356,10842,8140,21603,13546,13546,1337,1337
"34","north dakota",18929,19785,21785,22665,7049,7904,9905,10784,10834,10834,1046,1046
"35","nebraska",18380,21858,19591,26712,5340,8818,6550,13672,11798,11798,1242,1242
"36","new hampshire",26762,35936,29822,34815,10068,19242,13128,18121,15564,15564,1131,1131
"37","new jersey",24376,30189,32824,40015,8842,14655,17290,24481,12808,12808,2726,2726
"38","new mexico",18095,21767,20467,26141,3246,6918,5618,11292,12505,12505,2344,2344
"39","nevada",20533,30752,21566,31110,5012,15230,6045,15589,14326,14326,1196,1196
"40","new york",22626,29798,28070,38803,7011,14183,12455,23187,14529,14529,1086,1086
"41","ohio",21693,29302,25874,38460,6688,14297,10869,23455,13455,13455,1550,1550
"42","oklahoma",19151,26185,19396,27569,6139,13173,6384,14557,11568,11568,1444,1444
"43","oregon",21962,30198,30766,38282,6767,15004,15572,23088,13830,13830,1365,1365
"44","pennsylvania",28508,35859,35208,41330,11495,18846,18195,24317,14854,14854,2159,2159
"45","puerto rico",17321,17595,16490,18880,4281,4555,3450,5840,11767,11767,1273,1273
"46","palau",10231,10591,6981,6981,3250,3610,0,0,5181,5181,1800,1800
"47","rhode island",28096,40905,30509,40561,9615,22424,12028,22080,17021,17021,1460,1460
"48","south carolina",24327,31819,29107,40925,7970,15462,12750,24568,12969,12969,3388,3388
"49","south dakota",22534,22057,21205,27471,9500,9023,8171,14437,11790,11790,1244,1244
"50","tennessee",21166,33849,25567,36529,6538,19221,10939,21901,13247,13247,1381,1381
"51","texas",20963,26797,23290,31154,5035,10869,7361,15226,13022,13022,2906,2906
"52","utah",19328,31285,21360,35188,6107,18064,8140,21967,12354,12354,867,867
"53","virginia",23920,35083,29724,42478,8387,19550,14191,26945,14147,14147,1386,1386
"54","virgin islands",19915,29176,22136,28418,5235,14496,7456,13738,12930,12930,1750,1750
"55","vermont",29456,44518,30859,40271,13128,28190,14531,23943,15097,15097,1230,1230
"56","washington",20610,26287,30094,43816,5493,11169,14976,28699,14105,14105,1013,1013
"57","wisconsin",19578,24891,23003,33044,6254,11566,9678,19719,12083,12083,1242,1242
"58","west virginia",19642,24917,22382,29725,5960,11234,8700,16043,12446,12446,1236,1236
"59","wyoming",15814,22583,17787,27507,4316,11085,6289,16009,10148,10148,1350,1350
